    3.0000    0.0000
    3.0352    0.0000
    3.0704    0.0000
    3.1055    0.0000
    3.1407    0.0000
    3.1759    0.0000
    3.2111    0.0000
    3.2462    0.0000
    3.2814    0.0001
    3.3166    0.0003
    3.3518    0.0010
    3.3869    0.0027
    3.4221    0.0064
    3.4573    0.0140
    3.4925    0.0279
    3.5276    0.0508
    3.5628    0.0847
    3.5980    0.1295
    3.6332    0.1821
    3.6683    0.2376
    3.7035    0.2910
    3.7387    0.3402
    3.7739    0.3867
    3.8090    0.4340
    3.8442    0.4835
    3.8794    0.5323
    3.9146    0.5735
    3.9497    0.6004
    3.9849    0.6115
    4.0201    0.6137
    4.0553    0.6193
    4.0905    0.6393
    4.1256    0.6771
    4.1608    0.7262
    4.1960    0.7741
    4.2312    0.8092
    4.2663    0.8257
    4.3015    0.8255
    4.3367    0.8149
    4.3719    0.8033
    4.4070    0.8005
    4.4422    0.8150
    4.4774    0.8506
    4.5126    0.9031
    4.5477    0.9603
    4.5829    1.0072
    4.6181    1.0331
    4.6533    1.0358
    4.6884    1.0207
    4.7236    0.9976
    4.7588    0.9775
    4.7940    0.9719
    4.8291    0.9901
    4.8643    1.0357
    4.8995    1.1026
    4.9347    1.1764
    4.9698    1.2393
    5.0050    1.2764
    5.0402    1.2817
    5.0754    1.2596
    5.1106    1.2235
    5.1457    1.1918
    5.1809    1.1818
    5.2161    1.2050
    5.2513    1.2643
    5.2864    1.3527
    5.3216    1.4538
    5.3568    1.5461
    5.3920    1.6094
    5.4271    1.6325
    5.4623    1.6180
    5.4975    1.5816
    5.5327    1.5478
    5.5678    1.5456
    5.6030    1.6030
    5.6382    1.7439
    5.6734    1.9834
    5.7085    2.3264
    5.7437    2.7701
    5.7789    3.3089
    5.8141    3.9369
    5.8492    4.6431
    5.8844    5.4033
    5.9196    6.1762
    5.9548    6.9064
    5.9899    7.5349
    6.0251    8.0108
    6.0603    8.3033
    6.0955    8.4115
    6.1307    8.3689
    6.1658    8.2373
    6.2010    8.0864
    6.2362    7.9700
    6.2714    7.9116
    6.3065    7.9080
    6.3417    7.9457
    6.3769    8.0169
    6.4121    8.1251
    6.4472    8.2786
    6.4824    8.4779
    6.5176    8.7067
    6.5528    8.9324
    6.5879    9.1173
    6.6231    9.2340
    6.6583    9.2760
    6.6935    9.2575
    6.7286    9.2009
    6.7638    9.1221
    6.7990    9.0226
    6.8342    8.8971
    6.8693    8.7494
    6.9045    8.6021
    6.9397    8.4866
    6.9749    8.4209
    7.0101    8.3926
    7.0452    8.3654
    7.0804    8.3047
    7.1156    8.2013
    7.1508    8.0768
    7.1859    7.9668
    7.2211    7.8987
    7.2563    7.8766
    7.2915    7.8792
    7.3266    7.8685
    7.3618    7.8021
    7.3970    7.6466
    7.4322    7.3882
    7.4673    7.0403
    7.5025    6.6408
    7.5377    6.2407
    7.5729    5.8846
    7.6080    5.5966
    7.6432    5.3773
    7.6784    5.2144
    7.7136    5.0989
    7.7487    5.0343
    7.7839    5.0365
    7.8191    5.1254
    7.8543    5.3172
    7.8894    5.6211
    7.9246    6.0392
    7.9598    6.5654
    7.9950    7.1820
    8.0302    7.8560
    8.0653    8.5387
    8.1005    9.1711
    8.1357    9.6949
    8.1709   10.0666
    8.2060   10.2687
    8.2412   10.3124
    8.2764   10.2317
    8.3116   10.0699
    8.3467    9.8675
    8.3819    9.6581
    8.4171    9.4700
    8.4523    9.3299
    8.4874    9.2611
    8.5226    9.2784
    8.5578    9.3833
    8.5930    9.5643
    8.6281    9.8011
    8.6633   10.0677
    8.6985   10.3319
    8.7337   10.5541
    8.7688   10.6902
    8.8040   10.7043
    8.8392   10.5859
    8.8744   10.3611
    8.9095   10.0869
    8.9447    9.8316
    8.9799    9.6492
    9.0151    9.5609
    9.0503    9.5508
    9.0854    9.5746
    9.1206    9.5804
    9.1558    9.5290
    9.1910    9.4050
    9.2261    9.2150
    9.2613    8.9785
    9.2965    8.7195
    9.3317    8.4609
    9.3668    8.2183
    9.4020    7.9943
    9.4372    7.7797
    9.4724    7.5637
    9.5075    7.3473
    9.5427    7.1471
    9.5779    6.9860
    9.6131    6.8769
    9.6482    6.8120
    9.6834    6.7668
    9.7186    6.7119
    9.7538    6.6272
    9.7889    6.5084
    9.8241    6.3646
    9.8593    6.2115
    9.8945    6.0622
    9.9296    5.9206
    9.9648    5.7813
   10.0000    5.6352
