    3.0000    0.0000
    3.0088    0.0000
    3.0175    0.0000
    3.0263    0.0000
    3.0350    0.0000
    3.0438    0.0000
    3.0526    0.0000
    3.0613    0.0000
    3.0701    0.0000
    3.0788    0.0000
    3.0876    0.0000
    3.0964    0.0000
    3.1051    0.0000
    3.1139    0.0000
    3.1227    0.0000
    3.1314    0.0000
    3.1402    0.0000
    3.1489    0.0000
    3.1577    0.0000
    3.1665    0.0000
    3.1752    0.0000
    3.1840    0.0000
    3.1927    0.0000
    3.2015    0.0000
    3.2103    0.0000
    3.2190    0.0000
    3.2278    0.0000
    3.2365    0.0000
    3.2453    0.0001
    3.2541    0.0001
    3.2628    0.0001
    3.2716    0.0002
    3.2804    0.0002
    3.2891    0.0003
    3.2979    0.0004
    3.3066    0.0006
    3.3154    0.0008
    3.3242    0.0010
    3.3329    0.0014
    3.3417    0.0019
    3.3504    0.0024
    3.3592    0.0032
    3.3680    0.0041
    3.3767    0.0053
    3.3855    0.0067
    3.3942    0.0085
    3.4030    0.0107
    3.4118    0.0134
    3.4205    0.0165
    3.4293    0.0203
    3.4380    0.0247
    3.4468    0.0299
    3.4556    0.0358
    3.4643    0.0427
    3.4731    0.0504
    3.4819    0.0592
    3.4906    0.0689
    3.4994    0.0797
    3.5081    0.0915
    3.5169    0.1043
    3.5257    0.1180
    3.5344    0.1326
    3.5432    0.1479
    3.5519    0.1639
    3.5607    0.1805
    3.5695    0.1974
    3.5782    0.2145
    3.5870    0.2317
    3.5957    0.2488
    3.6045    0.2657
    3.6133    0.2823
    3.6220    0.2984
    3.6308    0.3140
    3.6395    0.3290
    3.6483    0.3434
    3.6571    0.3573
    3.6658    0.3706
    3.6746    0.3835
    3.6834    0.3961
    3.6921    0.4084
    3.7009    0.4205
    3.7096    0.4326
    3.7184    0.4446
    3.7272    0.4566
    3.7359    0.4686
    3.7447    0.4804
    3.7534    0.4922
    3.7622    0.5035
    3.7710    0.5143
    3.7797    0.5243
    3.7885    0.5332
    3.7972    0.5407
    3.8060    0.5465
    3.8148    0.5504
    3.8235    0.5520
    3.8323    0.5511
    3.8411    0.5475
    3.8498    0.5411
    3.8586    0.5319
    3.8673    0.5197
    3.8761    0.5048
    3.8849    0.4872
    3.8936    0.4672
    3.9024    0.4451
    3.9111    0.4213
    3.9199    0.3960
    3.9287    0.3697
    3.9374    0.3429
    3.9462    0.3158
    3.9549    0.2891
    3.9637    0.2630
    3.9725    0.2379
    3.9812    0.2143
    3.9900    0.1922
    3.9987    0.1722
    4.0075    0.1543
    4.0163    0.1389
    4.0250    0.1260
    4.0338    0.1159
    4.0426    0.1087
    4.0513    0.1046
    4.0601    0.1037
    4.0688    0.1061
    4.0776    0.1120
    4.0864    0.1215
    4.0951    0.1347
    4.1039    0.1518
    4.1126    0.1729
    4.1214    0.1980
    4.1302    0.2274
    4.1389    0.2609
    4.1477    0.2986
    4.1564    0.3404
    4.1652    0.3862
    4.1740    0.4358
    4.1827    0.4890
    4.1915    0.5454
    4.2003    0.6046
    4.2090    0.6663
    4.2178    0.7298
    4.2265    0.7947
    4.2353    0.8603
    4.2441    0.9261
    4.2528    0.9914
    4.2616    1.0558
    4.2703    1.1186
    4.2791    1.1793
    4.2879    1.2374
    4.2966    1.2926
    4.3054    1.3443
    4.3141    1.3922
    4.3229    1.4361
    4.3317    1.4756
    4.3404    1.5106
    4.3492    1.5407
    4.3579    1.5657
    4.3667    1.5855
    4.3755    1.5997
    4.3842    1.6083
    4.3930    1.6109
    4.4018    1.6075
    4.4105    1.5978
    4.4193    1.5818
    4.4280    1.5594
    4.4368    1.5306
    4.4456    1.4956
    4.4543    1.4545
    4.4631    1.4076
    4.4718    1.3555
    4.4806    1.2987
    4.4894    1.2379
    4.4981    1.1738
    4.5069    1.1072
    4.5156    1.0392
    4.5244    0.9707
    4.5332    0.9027
    4.5419    0.8363
    4.5507    0.7725
    4.5594    0.7122
    4.5682    0.6564
    4.5770    0.6059
    4.5857    0.5616
    4.5945    0.5241
    4.6033    0.4939
    4.6120    0.4717
    4.6208    0.4576
    4.6295    0.4521
    4.6383    0.4552
    4.6471    0.4671
    4.6558    0.4875
    4.6646    0.5163
    4.6733    0.5532
    4.6821    0.5978
    4.6909    0.6494
    4.6996    0.7075
    4.7084    0.7713
    4.7171    0.8398
    4.7259    0.9121
    4.7347    0.9871
    4.7434    1.0637
    4.7522    1.1405
    4.7610    1.2166
    4.7697    1.2904
    4.7785    1.3609
    4.7872    1.4269
    4.7960    1.4872
    4.8048    1.5409
    4.8135    1.5871
    4.8223    1.6251
    4.8310    1.6542
    4.8398    1.6742
    4.8486    1.6847
    4.8573    1.6859
    4.8661    1.6778
    4.8748    1.6608
    4.8836    1.6353
    4.8924    1.6021
    4.9011    1.5617
    4.9099    1.5150
    4.9186    1.4628
    4.9274    1.4062
    4.9362    1.3460
    4.9449    1.2831
    4.9537    1.2185
    4.9625    1.1530
    4.9712    1.0876
    4.9800    1.0228
    4.9887    0.9597
    4.9975    0.8987
    5.0063    0.8406
    5.0150    0.7860
    5.0238    0.7355
    5.0325    0.6895
    5.0413    0.6486
    5.0501    0.6132
    5.0588    0.5839
    5.0676    0.5610
    5.0763    0.5450
    5.0851    0.5362
    5.0939    0.5349
    5.1026    0.5415
    5.1114    0.5561
    5.1202    0.5791
    5.1289    0.6104
    5.1377    0.6500
    5.1464    0.6979
    5.1552    0.7539
    5.1640    0.8176
    5.1727    0.8886
    5.1815    0.9663
    5.1902    1.0500
    5.1990    1.1390
    5.2078    1.2323
    5.2165    1.3288
    5.2253    1.4276
    5.2340    1.5275
    5.2428    1.6275
    5.2516    1.7263
    5.2603    1.8229
    5.2691    1.9163
    5.2778    2.0055
    5.2866    2.0898
    5.2954    2.1685
    5.3041    2.2410
    5.3129    2.3069
    5.3217    2.3661
    5.3304    2.4185
    5.3392    2.4641
    5.3479    2.5032
    5.3567    2.5361
    5.3655    2.5632
    5.3742    2.5851
    5.3830    2.6024
    5.3917    2.6157
    5.4005    2.6256
    5.4093    2.6328
    5.4180    2.6379
    5.4268    2.6417
    5.4355    2.6447
    5.4443    2.6476
    5.4531    2.6509
    5.4618    2.6554
    5.4706    2.6615
    5.4793    2.6698
    5.4881    2.6809
    5.4969    2.6951
    5.5056    2.7131
    5.5144    2.7350
    5.5232    2.7613
    5.5319    2.7922
    5.5407    2.8278
    5.5494    2.8679
    5.5582    2.9126
    5.5670    2.9614
    5.5757    3.0137
    5.5845    3.0691
    5.5932    3.1266
    5.6020    3.1853
    5.6108    3.2440
    5.6195    3.3018
    5.6283    3.3572
    5.6370    3.4092
    5.6458    3.4566
    5.6546    3.4984
    5.6633    3.5337
    5.6721    3.5619
    5.6809    3.5826
    5.6896    3.5956
    5.6984    3.6010
    5.7071    3.5995
    5.7159    3.5918
    5.7247    3.5789
    5.7334    3.5623
    5.7422    3.5435
    5.7509    3.5243
    5.7597    3.5066
    5.7685    3.4922
    5.7772    3.4832
    5.7860    3.4811
    5.7947    3.4878
    5.8035    3.5045
    5.8123    3.5324
    5.8210    3.5722
    5.8298    3.6243
    5.8385    3.6888
    5.8473    3.7651
    5.8561    3.8526
    5.8648    3.9499
    5.8736    4.0557
    5.8824    4.1680
    5.8911    4.2847
    5.8999    4.4036
    5.9086    4.5224
    5.9174    4.6386
    5.9262    4.7499
    5.9349    4.8539
    5.9437    4.9487
    5.9524    5.0323
    5.9612    5.1033
    5.9700    5.1605
    5.9787    5.2031
    5.9875    5.2308
    5.9962    5.2436
    6.0050    5.2422
    6.0138    5.2276
    6.0225    5.2011
    6.0313    5.1647
    6.0401    5.1205
    6.0488    5.0711
    6.0576    5.0192
    6.0663    4.9678
    6.0751    4.9202
    6.0839    4.8795
    6.0926    4.8488
    6.1014    4.8314
    6.1101    4.8302
    6.1189    4.8480
    6.1277    4.8872
    6.1364    4.9498
    6.1452    5.0377
    6.1539    5.1521
    6.1627    5.2936
    6.1715    5.4625
    6.1802    5.6584
    6.1890    5.8804
    6.1977    6.1271
    6.2065    6.3965
    6.2153    6.6861
    6.2240    6.9931
    6.2328    7.3142
    6.2416    7.6458
    6.2503    7.9843
    6.2591    8.3255
    6.2678    8.6657
    6.2766    9.0010
    6.2854    9.3277
    6.2941    9.6423
    6.3029    9.9418
    6.3116   10.2234
    6.3204   10.4849
    6.3292   10.7245
    6.3379   10.9410
    6.3467   11.1338
    6.3554   11.3027
    6.3642   11.4480
    6.3730   11.5704
    6.3817   11.6713
    6.3905   11.7520
    6.3992   11.8143
    6.4080   11.8602
    6.4168   11.8918
    6.4255   11.9111
    6.4343   11.9203
    6.4431   11.9212
    6.4518   11.9160
    6.4606   11.9062
    6.4693   11.8934
    6.4781   11.8791
    6.4869   11.8644
    6.4956   11.8504
    6.5044   11.8378
    6.5131   11.8274
    6.5219   11.8198
    6.5307   11.8153
    6.5394   11.8143
    6.5482   11.8170
    6.5569   11.8236
    6.5657   11.8341
    6.5745   11.8486
    6.5832   11.8670
    6.5920   11.8891
    6.6008   11.9147
    6.6095   11.9434
    6.6183   11.9749
    6.6270   12.0085
    6.6358   12.0438
    6.6446   12.0801
    6.6533   12.1166
    6.6621   12.1526
    6.6708   12.1873
    6.6796   12.2198
    6.6884   12.2494
    6.6971   12.2751
    6.7059   12.2964
    6.7146   12.3123
    6.7234   12.3223
    6.7322   12.3257
    6.7409   12.3220
    6.7497   12.3107
    6.7584   12.2914
    6.7672   12.2640
    6.7760   12.2281
    6.7847   12.1838
    6.7935   12.1311
    6.8023   12.0702
    6.8110   12.0016
    6.8198   11.9257
    6.8285   11.8432
    6.8373   11.7551
    6.8461   11.6622
    6.8548   11.5659
    6.8636   11.4673
    6.8723   11.3679
    6.8811   11.2691
    6.8899   11.1725
    6.8986   11.0797
    6.9074   10.9920
    6.9161   10.9109
    6.9249   10.8377
    6.9337   10.7736
    6.9424   10.7195
    6.9512   10.6763
    6.9599   10.6446
    6.9687   10.6248
    6.9775   10.6170
    6.9862   10.6214
    6.9950   10.6379
    7.0038   10.6660
    7.0125   10.7054
    7.0213   10.7556
    7.0300   10.8158
    7.0388   10.8852
    7.0476   10.9631
    7.0563   11.0483
    7.0651   11.1397
    7.0738   11.2361
    7.0826   11.3359
    7.0914   11.4376
    7.1001   11.5395
    7.1089   11.6395
    7.1176   11.7356
    7.1264   11.8256
    7.1352   11.9070
    7.1439   11.9775
    7.1527   12.0347
    7.1615   12.0762
    7.1702   12.0998
    7.1790   12.1037
    7.1877   12.0861
    7.1965   12.0457
    7.2053   11.9819
    7.2140   11.8942
    7.2228   11.7830
    7.2315   11.6491
    7.2403   11.4940
    7.2491   11.3195
    7.2578   11.1282
    7.2666   10.9231
    7.2753   10.7074
    7.2841   10.4846
    7.2929   10.2587
    7.3016   10.0333
    7.3104    9.8122
    7.3191    9.5992
    7.3279    9.3976
    7.3367    9.2105
    7.3454    9.0406
    7.3542    8.8901
    7.3630    8.7607
    7.3717    8.6536
    7.3805    8.5695
    7.3892    8.5083
    7.3980    8.4696
    7.4068    8.4523
    7.4155    8.4550
    7.4243    8.4756
    7.4330    8.5117
    7.4418    8.5605
    7.4506    8.6189
    7.4593    8.6836
    7.4681    8.7512
    7.4768    8.8182
    7.4856    8.8809
    7.4944    8.9362
    7.5031    8.9807
    7.5119    9.0117
    7.5207    9.0266
    7.5294    9.0233
    7.5382    9.0005
    7.5469    8.9571
    7.5557    8.8927
    7.5645    8.8076
    7.5732    8.7028
    7.5820    8.5796
    7.5907    8.4402
    7.5995    8.2869
    7.6083    8.1228
    7.6170    7.9511
    7.6258    7.7754
    7.6345    7.5991
    7.6433    7.4260
    7.6521    7.2597
    7.6608    7.1035
    7.6696    6.9604
    7.6783    6.8333
    7.6871    6.7244
    7.6959    6.6355
    7.7046    6.5679
    7.7134    6.5224
    7.7222    6.4990
    7.7309    6.4975
    7.7397    6.5168
    7.7484    6.5554
    7.7572    6.6116
    7.7660    6.6829
    7.7747    6.7668
    7.7835    6.8604
    7.7922    6.9604
    7.8010    7.0639
    7.8098    7.1674
    7.8185    7.2680
    7.8273    7.3626
    7.8360    7.4484
    7.8448    7.5230
    7.8536    7.5841
    7.8623    7.6301
    7.8711    7.6596
    7.8798    7.6718
    7.8886    7.6662
    7.8974    7.6430
    7.9061    7.6026
    7.9149    7.5460
    7.9237    7.4744
    7.9324    7.3897
    7.9412    7.2936
    7.9499    7.1885
    7.9587    7.0766
    7.9675    6.9604
    7.9762    6.8424
    7.9850    6.7251
    7.9937    6.6108
    8.0025    6.5018
    8.0113    6.4003
    8.0200    6.3080
    8.0288    6.2268
    8.0375    6.1579
    8.0463    6.1026
    8.0551    6.0618
    8.0638    6.0359
    8.0726    6.0254
    8.0814    6.0302
    8.0901    6.0503
    8.0989    6.0852
    8.1076    6.1341
    8.1164    6.1964
    8.1252    6.2709
    8.1339    6.3564
    8.1427    6.4516
    8.1514    6.5550
    8.1602    6.6650
    8.1690    6.7800
    8.1777    6.8983
    8.1865    7.0182
    8.1952    7.1379
    8.2040    7.2558
    8.2128    7.3702
    8.2215    7.4796
    8.2303    7.5827
    8.2390    7.6781
    8.2478    7.7647
    8.2566    7.8418
    8.2653    7.9087
    8.2741    7.9649
    8.2829    8.0103
    8.2916    8.0450
    8.3004    8.0691
    8.3091    8.0833
    8.3179    8.0882
    8.3267    8.0847
    8.3354    8.0739
    8.3442    8.0570
    8.3529    8.0352
    8.3617    8.0098
    8.3705    7.9824
    8.3792    7.9541
    8.3880    7.9266
    8.3967    7.9010
    8.4055    7.8786
    8.4143    7.8607
    8.4230    7.8483
    8.4318    7.8423
    8.4406    7.8437
    8.4493    7.8529
    8.4581    7.8707
    8.4668    7.8972
    8.4756    7.9326
    8.4844    7.9769
    8.4931    8.0299
    8.5019    8.0913
    8.5106    8.1603
    8.5194    8.2364
    8.5282    8.3186
    8.5369    8.4060
    8.5457    8.4975
    8.5544    8.5920
    8.5632    8.6884
    8.5720    8.7854
    8.5807    8.8820
    8.5895    8.9772
    8.5982    9.0699
    8.6070    9.1594
    8.6158    9.2450
    8.6245    9.3261
    8.6333    9.4024
    8.6421    9.4736
    8.6508    9.5397
    8.6596    9.6007
    8.6683    9.6567
    8.6771    9.7079
    8.6859    9.7547
    8.6946    9.7972
    8.7034    9.8357
    8.7121    9.8703
    8.7209    9.9014
    8.7297    9.9289
    8.7384    9.9527
    8.7472    9.9729
    8.7559    9.9892
    8.7647   10.0013
    8.7735   10.0090
    8.7822   10.0119
    8.7910   10.0097
    8.7997   10.0021
    8.8085    9.9888
    8.8173    9.9697
    8.8260    9.9445
    8.8348    9.9134
    8.8436    9.8765
    8.8523    9.8339
    8.8611    9.7861
    8.8698    9.7336
    8.8786    9.6767
    8.8874    9.6163
    8.8961    9.5528
    8.9049    9.4871
    8.9136    9.4198
    8.9224    9.3515
    8.9312    9.2829
    8.9399    9.2146
    8.9487    9.1470
    8.9574    9.0806
    8.9662    9.0157
    8.9750    8.9526
    8.9837    8.8915
    8.9925    8.8325
    9.0013    8.7757
    9.0100    8.7212
    9.0188    8.6690
    9.0275    8.6191
    9.0363    8.5717
    9.0451    8.5267
    9.0538    8.4842
    9.0626    8.4444
    9.0713    8.4074
    9.0801    8.3733
    9.0889    8.3423
    9.0976    8.3145
    9.1064    8.2900
    9.1151    8.2689
    9.1239    8.2512
    9.1327    8.2368
    9.1414    8.2255
    9.1502    8.2172
    9.1589    8.2115
    9.1677    8.2080
    9.1765    8.2062
    9.1852    8.2055
    9.1940    8.2053
    9.2028    8.2051
    9.2115    8.2041
    9.2203    8.2017
    9.2290    8.1973
    9.2378    8.1905
    9.2466    8.1806
    9.2553    8.1673
    9.2641    8.1503
    9.2728    8.1294
    9.2816    8.1042
    9.2904    8.0749
    9.2991    8.0412
    9.3079    8.0032
    9.3166    7.9611
    9.3254    7.9148
    9.3342    7.8646
    9.3429    7.8107
    9.3517    7.7532
    9.3605    7.6923
    9.3692    7.6285
    9.3780    7.5619
    9.3867    7.4931
    9.3955    7.4224
    9.4043    7.3504
    9.4130    7.2777
    9.4218    7.2050
    9.4305    7.1330
    9.4393    7.0625
    9.4481    6.9943
    9.4568    6.9295
    9.4656    6.8689
    9.4743    6.8134
    9.4831    6.7638
    9.4919    6.7211
    9.5006    6.6860
    9.5094    6.6590
    9.5181    6.6407
    9.5269    6.6313
    9.5357    6.6311
    9.5444    6.6400
    9.5532    6.6577
    9.5620    6.6838
    9.5707    6.7178
    9.5795    6.7587
    9.5882    6.8056
    9.5970    6.8574
    9.6058    6.9129
    9.6145    6.9707
    9.6233    7.0294
    9.6320    7.0877
    9.6408    7.1441
    9.6496    7.1974
    9.6583    7.2462
    9.6671    7.2895
    9.6758    7.3263
    9.6846    7.3556
    9.6934    7.3768
    9.7021    7.3893
    9.7109    7.3930
    9.7196    7.3876
    9.7284    7.3731
    9.7372    7.3497
    9.7459    7.3177
    9.7547    7.2777
    9.7635    7.2301
    9.7722    7.1756
    9.7810    7.1149
    9.7897    7.0489
    9.7985    6.9782
    9.8073    6.9038
    9.8160    6.8265
    9.8248    6.7472
    9.8335    6.6667
    9.8423    6.5858
    9.8511    6.5053
    9.8598    6.4260
    9.8686    6.3485
    9.8773    6.2736
    9.8861    6.2017
    9.8949    6.1335
    9.9036    6.0694
    9.9124    6.0095
    9.9212    5.9542
    9.9299    5.9036
    9.9387    5.8576
    9.9474    5.8160
    9.9562    5.7787
    9.9650    5.7452
    9.9737    5.7151
    9.9825    5.6879
    9.9912    5.6629
   10.0000    5.6395
