    3.0000    0.0000
    3.0352    0.0000
    3.0704    0.0000
    3.1055    0.0000
    3.1407    0.0000
    3.1759    0.0000
    3.2111    0.0000
    3.2462    0.0000
    3.2814    0.0001
    3.3166    0.0003
    3.3518    0.0010
    3.3869    0.0027
    3.4221    0.0065
    3.4573    0.0142
    3.4925    0.0282
    3.5276    0.0508
    3.5628    0.0837
    3.5980    0.1270
    3.6332    0.1786
    3.6683    0.2352
    3.7035    0.2926
    3.7387    0.3474
    3.7739    0.3974
    3.8090    0.4421
    3.8442    0.4817
    3.8794    0.5170
    3.9146    0.5489
    3.9497    0.5782
    3.9849    0.6054
    4.0201    0.6308
    4.0553    0.6550
    4.0905    0.6780
    4.1256    0.7001
    4.1608    0.7212
    4.1960    0.7417
    4.2312    0.7616
    4.2663    0.7811
    4.3015    0.8002
    4.3367    0.8187
    4.3719    0.8368
    4.4070    0.8550
    4.4422    0.8732
    4.4774    0.8911
    4.5126    0.9086
    4.5477    0.9260
    4.5829    0.9437
    4.6181    0.9618
    4.6533    0.9800
    4.6884    0.9978
    4.7236    1.0155
    4.7588    1.0337
    4.7940    1.0528
    4.8291    1.0724
    4.8643    1.0917
    4.8995    1.1109
    4.9347    1.1307
    4.9698    1.1517
    5.0050    1.1738
    5.0402    1.1962
    5.0754    1.2184
    5.1106    1.2412
    5.1457    1.2655
    5.1809    1.2918
    5.2161    1.3191
    5.2513    1.3466
    5.2864    1.3748
    5.3216    1.4049
    5.3568    1.4379
    5.3920    1.4736
    5.4271    1.5107
    5.4623    1.5493
    5.4975    1.5910
    5.5327    1.6388
    5.5678    1.6959
    5.6030    1.7672
    5.6382    1.8649
    5.6734    2.0121
    5.7085    2.2441
    5.7437    2.6006
    5.7789    3.1134
    5.8141    3.7902
    5.8492    4.6030
    5.8844    5.4857
    5.9196    6.3468
    5.9548    7.0946
    5.9899    7.6643
    6.0251    8.0348
    6.0603    8.2257
    6.0955    8.2807
    6.1307    8.2484
    6.1658    8.1704
    6.2010    8.0790
    6.2362    7.9980
    6.2714    7.9447
    6.3065    7.9302
    6.3417    7.9604
    6.3769    8.0373
    6.4121    8.1598
    6.4472    8.3227
    6.4824    8.5143
    6.5176    8.7158
    6.5528    8.9041
    6.5879    9.0576
    6.6231    9.1626
    6.6583    9.2154
    6.6935    9.2204
    6.7286    9.1859
    6.7638    9.1216
    6.7990    9.0367
    6.8342    8.9384
    6.8693    8.8313
    6.9045    8.7170
    6.9397    8.5955
    6.9749    8.4688
    7.0101    8.3418
    7.0452    8.2227
    7.0804    8.1210
    7.1156    8.0453
    7.1508    8.0007
    7.1859    7.9875
    7.2211    7.9987
    7.2563    8.0183
    7.2915    8.0213
    7.3266    7.9770
    7.3618    7.8571
    7.3970    7.6453
    7.4322    7.3445
    7.4673    6.9770
    7.5025    6.5773
    7.5377    6.1828
    7.5729    5.8248
    7.6080    5.5258
    7.6432    5.2993
    7.6784    5.1511
    7.7136    5.0804
    7.7487    5.0813
    7.7839    5.1459
    7.8191    5.2697
    7.8543    5.4561
    7.8894    5.7187
    7.9246    6.0765
    7.9598    6.5438
    7.9950    7.1168
    8.0302    7.7651
    8.0653    8.4341
    8.1005    9.0592
    8.1357    9.5849
    8.1709    9.9772
    8.2060   10.2258
    8.2412   10.3353
    8.2764   10.3180
    8.3116   10.1918
    8.3467    9.9847
    8.3819    9.7371
    8.4171    9.4985
    8.4523    9.3174
    8.4874    9.2285
    8.5226    9.2451
    8.5578    9.3592
    8.5930    9.5480
    8.6281    9.7833
    8.6633   10.0373
    8.6985   10.2828
    8.7337   10.4906
    8.7688   10.6278
    8.8040   10.6633
    8.8392   10.5810
    8.8744   10.3925
    8.9095   10.1402
    8.9447    9.8857
    8.9799    9.6872
    9.0151    9.5774
    9.0503    9.5524
    9.0854    9.5757
    9.1206    9.5952
    9.1558    9.5640
    9.1910    9.4562
    9.2261    9.2726
    9.2613    9.0345
    9.2965    8.7715
    9.3317    8.5094
    9.3668    8.2638
    9.4020    8.0404
    9.4372    7.8398
    9.4724    7.6623
    9.5075    7.5095
    9.5427    7.3827
    9.5779    7.2813
    9.6131    7.2008
    9.6482    7.1340
    9.6834    7.0725
    9.7186    7.0089
    9.7538    6.9397
    9.7889    6.8659
    9.8241    6.7921
    9.8593    6.7232
    9.8945    6.6602
    9.9296    6.5979
    9.9648    6.5261
   10.0000    6.4335
