    3.0000    0.0000
    3.0352    0.0000
    3.0704    0.0000
    3.1055    0.0000
    3.1407    0.0000
    3.1759    0.0000
    3.2111    0.0000
    3.2462    0.0000
    3.2814    0.0001
    3.3166    0.0003
    3.3518    0.0010
    3.3869    0.0026
    3.4221    0.0063
    3.4573    0.0139
    3.4925    0.0277
    3.5276    0.0506
    3.5628    0.0844
    3.5980    0.1291
    3.6332    0.1817
    3.6683    0.2372
    3.7035    0.2906
    3.7387    0.3398
    3.7739    0.3864
    3.8090    0.4337
    3.8442    0.4832
    3.8794    0.5320
    3.9146    0.5733
    3.9497    0.6002
    3.9849    0.6114
    4.0201    0.6136
    4.0553    0.6191
    4.0905    0.6390
    4.1256    0.6767
    4.1608    0.7258
    4.1960    0.7738
    4.2312    0.8089
    4.2663    0.8257
    4.3015    0.8255
    4.3367    0.8150
    4.3719    0.8034
    4.4070    0.8004
    4.4422    0.8148
    4.4774    0.8503
    4.5126    0.9027
    4.5477    0.9599
    4.5829    1.0070
    4.6181    1.0330
    4.6533    1.0359
    4.6884    1.0209
    4.7236    0.9977
    4.7588    0.9775
    4.7940    0.9718
    4.8291    0.9899
    4.8643    1.0353
    4.8995    1.1021
    4.9347    1.1760
    4.9698    1.2389
    5.0050    1.2763
    5.0402    1.2817
    5.0754    1.2596
    5.1106    1.2236
    5.1457    1.1919
    5.1809    1.1818
    5.2161    1.2049
    5.2513    1.2641
    5.2864    1.3523
    5.3216    1.4535
    5.3568    1.5458
    5.3920    1.6091
    5.4271    1.6323
    5.4623    1.6179
    5.4975    1.5815
    5.5327    1.5478
    5.5678    1.5455
    5.6030    1.6028
    5.6382    1.7436
    5.6734    1.9831
    5.7085    2.3261
    5.7437    2.7698
    5.7789    3.3090
    5.8141    3.9373
    5.8492    4.6436
    5.8844    5.4040
    5.9196    6.1768
    5.9548    6.9069
    5.9899    7.5351
    6.0251    8.0107
    6.0603    8.3028
    6.0955    8.4107
    6.1307    8.3680
    6.1658    8.2363
    6.2010    8.0854
    6.2362    7.9690
    6.2714    7.9105
    6.3065    7.9067
    6.3417    7.9441
    6.3769    8.0150
    6.4121    8.1230
    6.4472    8.2764
    6.4824    8.4758
    6.5176    8.7047
    6.5528    8.9305
    6.5879    9.1154
    6.6231    9.2320
    6.6583    9.2740
    6.6935    9.2553
    6.7286    9.1986
    6.7638    9.1198
    6.7990    9.0203
    6.8342    8.8948
    6.8693    8.7472
    6.9045    8.6001
    6.9397    8.4850
    6.9749    8.4195
    7.0101    8.3915
    7.0452    8.3646
    7.0804    8.3042
    7.1156    8.2015
    7.1508    8.0778
    7.1859    7.9689
    7.2211    7.9020
    7.2563    7.8806
    7.2915    7.8834
    7.3266    7.8722
    7.3618    7.8046
    7.3970    7.6474
    7.4322    7.3874
    7.4673    7.0381
    7.5025    6.6379
    7.5377    6.2373
    7.5729    5.8813
    7.6080    5.5937
    7.6432    5.3749
    7.6784    5.2127
    7.7136    5.0978
    7.7487    5.0337
    7.7839    5.0363
    7.8191    5.1253
    7.8543    5.3171
    7.8894    5.6209
    7.9246    6.0387
    7.9598    6.5645
    7.9950    7.1805
    8.0302    7.8540
    8.0653    8.5361
    8.1005    9.1680
    8.1357    9.6914
    8.1709   10.0630
    8.2060   10.2648
    8.2412   10.3084
    8.2764   10.2274
    8.3116   10.0654
    8.3467    9.8628
    8.3819    9.6532
    8.4171    9.4649
    8.4523    9.3246
    8.4874    9.2557
    8.5226    9.2729
    8.5578    9.3777
    8.5930    9.5587
    8.6281    9.7956
    8.6633   10.0623
    8.6985   10.3270
    8.7337   10.5500
    8.7688   10.6872
    8.8040   10.7025
    8.8392   10.5853
    8.8744   10.3613
    8.9095   10.0878
    8.9447    9.8329
    8.9799    9.6510
    9.0151    9.5637
    9.0503    9.5550
    9.0854    9.5810
    9.1206    9.5899
    9.1558    9.5428
    9.1910    9.4248
    9.2261    9.2430
    9.2613    9.0174
    9.2965    8.7724
    9.3317    8.5309
    9.3668    8.3080
    9.4020    8.1059
    9.4372    7.9148
    9.4724    7.7235
    9.5075    7.5319
    9.5427    7.3551
    9.5779    7.2152
    9.6131    7.1252
    9.6482    7.0797
    9.6834    7.0570
    9.7186    7.0312
    9.7538    6.9838
    9.7889    6.9106
    9.8241    6.8196
    9.8593    6.7245
    9.8945    6.6354
    9.9296    6.5532
    9.9648    6.4699
   10.0000    6.3750
