    3.0000    0.0000
    3.0352    0.0000
    3.0704    0.0000
    3.1055    0.0000
    3.1407    0.0000
    3.1759    0.0000
    3.2111    0.0001
    3.2462    0.0004
    3.2814    0.0014
    3.3166    0.0042
    3.3518    0.0109
    3.3869    0.0249
    3.4221    0.0502
    3.4573    0.0894
    3.4925    0.1407
    3.5276    0.1958
    3.5628    0.2409
    3.5980    0.2621
    3.6332    0.2527
    3.6683    0.2176
    3.7035    0.1714
    3.7387    0.1325
    3.7739    0.1167
    3.8090    0.1316
    3.8442    0.1751
    3.8794    0.2353
    3.9146    0.2938
    3.9497    0.3345
    3.9849    0.3532
    4.0201    0.3647
    4.0553    0.3994
    4.0905    0.4888
    4.1256    0.6462
    4.1608    0.8541
    4.1960    1.0700
    4.2312    1.2504
    4.2663    1.3789
    4.3015    1.4734
    4.3367    1.5645
    4.3719    1.6582
    4.4070    1.7181
    4.4422    1.6853
    4.4774    1.5221
    4.5126    1.2426
    4.5477    0.9084
    4.5829    0.5946
    4.6181    0.3556
    4.6533    0.2126
    4.6884    0.1613
    4.7236    0.1874
    4.7588    0.2753
    4.7940    0.4071
    4.8291    0.5581
    4.8643    0.6960
    4.8995    0.7908
    4.9347    0.8297
    4.9698    0.8283
    5.0050    0.8265
    5.0402    0.8700
    5.0754    0.9876
    5.1106    1.1776
    5.1457    1.4092
    5.1809    1.6361
    5.2161    1.8151
    5.2513    1.9241
    5.2864    1.9732
    5.3216    2.0012
    5.3568    2.0538
    5.3920    2.1540
    5.4271    2.2859
    5.4623    2.4037
    5.4975    2.4598
    5.5327    2.4309
    5.5678    2.3261
    5.6030    2.1765
    5.6382    2.0196
    5.6734    1.8900
    5.7085    1.8213
    5.7437    1.8527
    5.7789    2.0270
    5.8141    2.3762
    5.8492    2.9049
    5.8844    3.5889
    5.9196    4.3972
    5.9548    5.3148
    5.9899    6.3420
    6.0251    7.4618
    6.0603    8.6012
    6.0955    9.6228
    6.1307   10.3663
    6.1658   10.7180
    6.2010   10.6671
    6.2362   10.3047
    6.2714    9.7668
    6.3065    9.1635
    6.3417    8.5462
    6.3769    7.9296
    6.4121    7.3380
    6.4472    6.8312
    6.4824    6.4949
    6.5176    6.4085
    6.5528    6.6171
    6.5879    7.1167
    6.6231    7.8509
    6.6583    8.7114
    6.6935    9.5470
    6.7286   10.1915
    6.7638   10.5175
    6.7990   10.4924
    6.8342   10.1974
    6.8693    9.7843
    6.9045    9.3934
    6.9397    9.0866
    6.9749    8.8373
    7.0101    8.5745
    7.0452    8.2467
    7.0804    7.8672
    7.1156    7.5144
    7.1508    7.2877
    7.1859    7.2446
    7.2211    7.3596
    7.2563    7.5354
    7.2915    7.6627
    7.3266    7.6857
    7.3618    7.6270
    7.3970    7.5520
    7.4322    7.5028
    7.4673    7.4552
    7.5025    7.3338
    7.5377    7.0748
    7.5729    6.6851
    7.6080    6.2521
    7.6432    5.8949
    7.6784    5.6912
    7.7136    5.6313
    7.7487    5.6286
    7.7839    5.5770
    7.8191    5.4157
    7.8543    5.1647
    7.8894    4.9172
    7.9246    4.8019
    7.9598    4.9355
    7.9950    5.3820
    8.0302    6.1291
    8.0653    7.0891
    8.1005    8.1240
    8.1357    9.0842
    8.1709    9.8479
    8.2060   10.3507
    8.2412   10.5998
    8.2764   10.6648
    8.3116   10.6430
    8.3467   10.6128
    8.3819   10.6014
    8.4171   10.5885
    8.4523   10.5392
    8.4874   10.4389
    8.5226   10.3039
    8.5578   10.1659
    8.5930   10.0470
    8.6281    9.9503
    8.6633    9.8707
    8.6985    9.8161
    8.7337    9.8149
    8.7688    9.9005
    8.8040   10.0827
    8.8392   10.3286
    8.8744   10.5657
    8.9095   10.7035
    8.9447   10.6632
    8.9799   10.4087
    9.0151    9.9707
    9.0503    9.4480
    9.0854    8.9743
    9.1206    8.6604
    9.1558    8.5435
    9.1910    8.5784
    9.2261    8.6688
    9.2613    8.7174
    9.2965    8.6627
    9.3317    8.4958
    9.3668    8.2572
    9.4020    8.0228
    9.4372    7.8757
    9.4724    7.8693
    9.5075    7.9939
    9.5427    8.1717
    9.5779    8.2874
    9.6131    8.2408
    9.6482    7.9910
    9.6834    7.5681
    9.7186    7.0525
    9.7538    6.5368
    9.7889    6.0944
    9.8241    5.7666
    9.8593    5.5683
    9.8945    5.5026
    9.9296    5.5646
    9.9648    5.7335
   10.0000    5.9610
