    3.0000    0.0000
    3.0352    0.0000
    3.0704    0.0000
    3.1055    0.0000
    3.1407    0.0000
    3.1759    0.0000
    3.2111    0.0000
    3.2462    0.0000
    3.2814    0.0000
    3.3166    0.0001
    3.3518    0.0002
    3.3869    0.0006
    3.4221    0.0018
    3.4573    0.0046
    3.4925    0.0106
    3.5276    0.0222
    3.5628    0.0420
    3.5980    0.0724
    3.6332    0.1145
    3.6683    0.1673
    3.7035    0.2278
    3.7387    0.2915
    3.7739    0.3541
    3.8090    0.4125
    3.8442    0.4651
    3.8794    0.5119
    3.9146    0.5534
    3.9497    0.5904
    3.9849    0.6240
    4.0201    0.6551
    4.0553    0.6842
    4.0905    0.7118
    4.1256    0.7379
    4.1608    0.7626
    4.1960    0.7860
    4.2312    0.8086
    4.2663    0.8309
    4.3015    0.8532
    4.3367    0.8752
    4.3719    0.8963
    4.4070    0.9166
    4.4422    0.9364
    4.4774    0.9565
    4.5126    0.9774
    4.5477    0.9986
    4.5829    1.0195
    4.6181    1.0398
    4.6533    1.0600
    4.6884    1.0808
    4.7236    1.1023
    4.7588    1.1242
    4.7940    1.1462
    4.8291    1.1687
    4.8643    1.1919
    4.8995    1.2161
    4.9347    1.2408
    4.9698    1.2659
    5.0050    1.2918
    5.0402    1.3195
    5.0754    1.3494
    5.1106    1.3812
    5.1457    1.4139
    5.1809    1.4475
    5.2161    1.4832
    5.2513    1.5226
    5.2864    1.5665
    5.3216    1.6142
    5.3568    1.6649
    5.3920    1.7190
    5.4271    1.7798
    5.4623    1.8520
    5.4975    1.9413
    5.5327    2.0539
    5.5678    2.1973
    5.6030    2.3797
    5.6382    2.6087
    5.6734    2.8889
    5.7085    3.2221
    5.7437    3.6094
    5.7789    4.0503
    5.8141    4.5382
    5.8492    5.0514
    5.8844    5.5503
    5.9196    5.9856
    5.9548    6.3156
    5.9899    6.5224
    6.0251    6.6181
    6.0603    6.6381
    6.0955    6.6281
    6.1307    6.6303
    6.1658    6.6759
    6.2010    6.7830
    6.2362    6.9605
    6.2714    7.2136
    6.3065    7.5479
    6.3417    7.9677
    6.3769    8.4723
    6.4121    9.0494
    6.4472    9.6722
    6.4824   10.3006
    6.5176   10.8889
    6.5528   11.3986
    6.5879   11.8110
    6.6231   12.1323
    6.6583   12.3900
    6.6935   12.6206
    6.7286   12.8557
    6.7638   13.1077
    6.7990   13.3606
    6.8342   13.5718
    6.8693   13.6898
    6.9045   13.6789
    6.9397   13.5365
    6.9749   13.2892
    7.0101   12.9739
    7.0452   12.6197
    7.0804   12.2438
    7.1156   11.8581
    7.1508   11.4740
    7.1859   11.1019
    7.2211   10.7471
    7.2563   10.4072
    7.2915   10.0712
    7.3266    9.7209
    7.3618    9.3373
    7.3970    8.9107
    7.4322    8.4501
    7.4673    7.9811
    7.5025    7.5328
    7.5377    7.1237
    7.5729    6.7562
    7.6080    6.4245
    7.6432    6.1270
    7.6784    5.8713
    7.7136    5.6692
    7.7487    5.5266
    7.7839    5.4382
    7.8191    5.3929
    7.8543    5.3841
    7.8894    5.4150
    7.9246    5.4973
    7.9598    5.6442
    7.9950    5.8646
    8.0302    6.1609
    8.0653    6.5287
    8.1005    6.9557
    8.1357    7.4189
    8.1709    7.8845
    8.2060    8.3119
    8.2412    8.6614
    8.2764    8.9048
    8.3116    9.0342
    8.3467    9.0663
    8.3819    9.0421
    8.4171    9.0192
    8.4523    9.0573
    8.4874    9.1996
    8.5226    9.4553
    8.5578    9.7920
    8.5930   10.1443
    8.6281   10.4365
    8.6633   10.6101
    8.6985   10.6417
    8.7337   10.5427
    8.7688   10.3453
    8.8040   10.0846
    8.8392    9.7889
    8.8744    9.4776
    8.9095    9.1650
    8.9447    8.8631
    8.9799    8.5827
    9.0151    8.3342
    9.0503    8.1266
    9.0854    7.9671
    9.1206    7.8585
    9.1558    7.7960
    9.1910    7.7661
    9.2261    7.7497
    9.2613    7.7279
    9.2965    7.6886
    9.3317    7.6301
    9.3668    7.5601
    9.4020    7.4910
    9.4372    7.4344
    9.4724    7.3943
    9.5075    7.3656
    9.5427    7.3350
    9.5779    7.2874
    9.6131    7.2131
    9.6482    7.1113
    9.6834    6.9884
    9.7186    6.8531
    9.7538    6.7109
    9.7889    6.5634
    9.8241    6.4090
    9.8593    6.2462
    9.8945    6.0746
    9.9296    5.8952
    9.9648    5.7093
   10.0000    5.5186
