    3.0000    0.0000
    3.0352    0.0000
    3.0704    0.0000
    3.1055    0.0000
    3.1407    0.0000
    3.1759    0.0000
    3.2111    0.0000
    3.2462    0.0000
    3.2814    0.0000
    3.3166    0.0001
    3.3518    0.0002
    3.3869    0.0007
    3.4221    0.0020
    3.4573    0.0050
    3.4925    0.0110
    3.5276    0.0223
    3.5628    0.0414
    3.5980    0.0707
    3.6332    0.1118
    3.6683    0.1645
    3.7035    0.2263
    3.7387    0.2924
    3.7739    0.3576
    3.8090    0.4180
    3.8442    0.4716
    3.8794    0.5187
    3.9146    0.5599
    3.9497    0.5953
    3.9849    0.6241
    4.0201    0.6465
    4.0553    0.6649
    4.0905    0.6839
    4.1256    0.7087
    4.1608    0.7432
    4.1960    0.7870
    4.2312    0.8350
    4.2663    0.8782
    4.3015    0.9084
    4.3367    0.9218
    4.3719    0.9200
    4.4070    0.9090
    4.4422    0.8970
    4.4774    0.8934
    4.5126    0.9067
    4.5477    0.9420
    4.5829    0.9964
    4.6181    1.0586
    4.6533    1.1137
    4.6884    1.1500
    4.7236    1.1643
    4.7588    1.1616
    4.7940    1.1511
    4.8291    1.1416
    4.8643    1.1405
    4.8995    1.1542
    4.9347    1.1874
    4.9698    1.2396
    5.0050    1.3033
    5.0402    1.3665
    5.0754    1.4176
    5.1106    1.4503
    5.1457    1.4646
    5.1809    1.4655
    5.2161    1.4612
    5.2513    1.4617
    5.2864    1.4778
    5.3216    1.5191
    5.3568    1.5914
    5.3920    1.6931
    5.4271    1.8144
    5.4623    1.9400
    5.4975    2.0568
    5.5327    2.1620
    5.5678    2.2657
    5.6030    2.3894
    5.6382    2.5589
    5.6734    2.7984
    5.7085    3.1232
    5.7437    3.5348
    5.7789    4.0183
    5.8141    4.5452
    5.8492    5.0803
    5.8844    5.5870
    5.9196    6.0293
    5.9548    6.3720
    5.9899    6.5871
    6.0251    6.6664
    6.0603    6.6346
    6.0955    6.5524
    6.1307    6.5006
    6.1658    6.5498
    6.2010    6.7300
    6.2362    7.0219
    6.2714    7.3738
    6.3065    7.7364
    6.3417    8.0930
    6.3769    8.4682
    6.4121    8.9093
    6.4472    9.4541
    6.4824   10.1003
    6.5176   10.7955
    6.5528   11.4524
    6.5879   11.9857
    6.6231   12.3511
    6.6583   12.5648
    6.6935   12.6910
    6.7286   12.8059
    6.7638   12.9616
    6.7990   13.1689
    6.8342   13.4021
    6.8693   13.6120
    6.9045   13.7371
    6.9397   13.7164
    6.9749   13.5082
    7.0101   13.1135
    7.0452   12.5897
    7.0804   12.0389
    7.1156   11.5698
    7.1508   11.2493
    7.1859   11.0695
    7.2211   10.9505
    7.2563   10.7800
    7.2915   10.4673
    7.3266    9.9818
    7.3618    9.3594
    7.3970    8.6802
    7.4322    8.0371
    7.4673    7.5068
    7.5025    7.1307
    7.5377    6.9057
    7.5729    6.7866
    7.6080    6.7011
    7.6432    6.5758
    7.6784    6.3636
    7.7136    6.0623
    7.7487    5.7150
    7.7839    5.3923
    7.8191    5.1642
    7.8543    5.0760
    7.8894    5.1356
    7.9246    5.3172
    7.9598    5.5774
    7.9950    5.8768
    8.0302    6.1965
    8.0653    6.5415
    8.1005    6.9286
    8.1357    7.3655
    8.1709    7.8362
    8.2060    8.2988
    8.2412    8.7002
    8.2764    8.9950
    8.3116    9.1619
    8.3467    9.2114
    8.3819    9.1841
    8.4171    9.1414
    8.4523    9.1477
    8.4874    9.2494
    8.5226    9.4565
    8.5578    9.7375
    8.5930   10.0316
    8.6281   10.2739
    8.6633   10.4197
    8.6985   10.4559
    8.7337   10.3956
    8.7688   10.2628
    8.8040   10.0768
    8.8392    9.8472
    8.8744    9.5787
    8.9095    9.2794
    8.9447    8.9664
    8.9799    8.6632
    9.0151    8.3913
    9.0503    8.1644
    9.0854    7.9875
    9.1206    7.8608
    9.1558    7.7837
    9.1910    7.7523
    9.2261    7.7548
    9.2613    7.7690
    9.2965    7.7681
    9.3317    7.7305
    9.3668    7.6485
    9.4020    7.5285
    9.4372    7.3865
    9.4724    7.2432
    9.5075    7.1208
    9.5427    7.0397
    9.5779    7.0114
    9.6131    7.0317
    9.6482    7.0775
    9.6834    7.1123
    9.7186    7.0994
    9.7538    7.0144
    9.7889    6.8524
    9.8241    6.6276
    9.8593    6.3643
    9.8945    6.0885
    9.9296    5.8209
    9.9648    5.5755
   10.0000    5.3603
