    3.0000    0.0000
    3.0352    0.0000
    3.0704    0.0000
    3.1055    0.0000
    3.1407    0.0000
    3.1759    0.0000
    3.2111    0.0000
    3.2462    0.0001
    3.2814    0.0002
    3.3166    0.0008
    3.3518    0.0025
    3.3869    0.0070
    3.4221    0.0171
    3.4573    0.0371
    3.4925    0.0711
    3.5276    0.1212
    3.5628    0.1845
    3.5980    0.2532
    3.6332    0.3181
    3.6683    0.3744
    3.7035    0.4242
    3.7387    0.4723
    3.7739    0.5177
    3.8090    0.5481
    3.8442    0.5455
    3.8794    0.4984
    3.9146    0.4115
    3.9497    0.3049
    3.9849    0.2047
    4.0201    0.1329
    4.0553    0.1038
    4.0905    0.1272
    4.1256    0.2117
    4.1608    0.3627
    4.1960    0.5754
    4.2312    0.8292
    4.2663    1.0901
    4.3015    1.3218
    4.3367    1.4962
    4.3719    1.5945
    4.4070    1.6024
    4.4422    1.5097
    4.4774    1.3201
    4.5126    1.0632
    4.5477    0.7936
    4.5829    0.5751
    4.6181    0.4610
    4.6533    0.4807
    4.6884    0.6345
    4.7236    0.8929
    4.7588    1.1980
    4.7940    1.4738
    4.8291    1.6487
    4.8643    1.6802
    4.8995    1.5697
    4.9347    1.3565
    4.9698    1.0977
    5.0050    0.8486
    5.0402    0.6534
    5.0754    0.5464
    5.1106    0.5544
    5.1457    0.6938
    5.1809    0.9610
    5.2161    1.3239
    5.2513    1.7228
    5.2864    2.0882
    5.3216    2.3658
    5.3568    2.5364
    5.3920    2.6160
    5.4271    2.6418
    5.4623    2.6557
    5.4975    2.6963
    5.5327    2.7951
    5.5678    2.9665
    5.6030    3.1921
    5.6382    3.4157
    5.6734    3.5654
    5.7085    3.5986
    5.7437    3.5401
    5.7789    3.4822
    5.8141    3.5396
    5.8492    3.7836
    5.8844    4.1952
    5.9196    4.6671
    5.9548    5.0525
    5.9899    5.2359
    6.0251    5.1913
    6.0603    5.0030
    6.0955    4.8415
    6.1307    4.9058
    6.1658    5.3507
    6.2010    6.2247
    6.2362    7.4415
    6.2714    8.8013
    6.3065   10.0616
    6.3417   11.0273
    6.3769   11.6181
    6.4121   11.8765
    6.4472   11.9194
    6.4824   11.8719
    6.5176   11.8232
    6.5528   11.8199
    6.5879   11.8785
    6.6231   11.9932
    6.6583   12.1372
    6.6935   12.2649
    6.7286   12.3252
    6.7638   12.2756
    6.7990   12.0938
    6.8342   11.7871
    6.8693   11.4018
    6.9045   11.0200
    6.9397   10.7353
    6.9749   10.6181
    7.0101   10.6932
    7.0452   10.9416
    7.0804   11.3106
    7.1156   11.7134
    7.1508   12.0233
    7.1859   12.0915
    7.2211   11.8060
    7.2563   11.1630
    7.2915   10.2950
    7.3266    9.4262
    7.3618    8.7764
    7.3970    8.4729
    7.4322    8.5075
    7.4673    8.7454
    7.5025    8.9780
    7.5377    9.0023
    7.5729    8.7074
    7.6080    8.1270
    7.6432    7.4278
    7.6784    6.8327
    7.7136    6.5217
    7.7487    6.5571
    7.7839    6.8653
    7.8191    7.2744
    7.8543    7.5884
    7.8894    7.6648
    7.9246    7.4657
    7.9598    7.0622
    7.9950    6.5951
    8.0302    6.2152
    8.0653    6.0330
    8.1005    6.0932
    8.1357    6.3748
    8.1709    6.8054
    8.2060    7.2826
    8.2412    7.7003
    8.2764    7.9779
    8.3116    8.0855
    8.3467    8.0511
    8.3819    7.9456
    8.4171    7.8561
    8.4523    7.8580
    8.4874    7.9946
    8.5226    8.2659
    8.5578    8.6287
    8.5930    9.0143
    8.6281    9.3581
    8.6633    9.6252
    8.6985    9.8147
    8.7337    9.9402
    8.7688   10.0055
    8.8040    9.9964
    8.8392    9.8956
    8.8744    9.7046
    8.9095    9.4514
    8.9447    9.1775
    8.9799    8.9180
    9.0151    8.6907
    9.0503    8.5012
    9.0854    8.3540
    9.1206    8.2575
    9.1558    8.2133
    9.1910    8.2054
    9.2261    8.1990
    9.2613    8.1561
    9.2965    8.0518
    9.3317    7.8794
    9.3668    7.6461
    9.4020    7.3689
    9.4372    7.0793
    9.4724    6.8254
    9.5075    6.6640
    9.5427    6.6375
    9.5779    6.7508
    9.6131    6.9610
    9.6482    7.1896
    9.6834    7.3520
    9.7186    7.3887
    9.7538    7.2823
    9.7889    7.0550
    9.8241    6.7532
    9.8593    6.4307
    9.8945    6.1365
    9.9296    5.9050
    9.9648    5.7457
   10.0000    5.6395
